1428777000
1428777300
1428777600
1428777900
1428778200
1428778500
1428778800
1428779100
1428779400
1428777000
1428777300
1428777600
1428777900
1428778200
1428777000
1428777300
1428777600
1428777900
1428777000
1428777300
1428777000
1428777300
1428777600
1428777900
1428778200
1428779700
1428780000
1428780300
1428780600
1428780900
1428781200
1428781500
1428781800
1428782100
1428782400
1428782700
1428783000
1428783300
1428783600
1428783900
1428784200
1428784500
1428784800
1428785100
1428785400
1428785700
1428786000
1428786300
1428786600
1428786900
1428787200
1428787500
1428787800
1428788100
1428788400
1428788700
1428789000
1428789300
1428789600
1428789900
1428790200
1428790500
1428790800
1428791100
1428791400
1428791700
1428792000
1428792300
1428792600
1428792900
1428793200
1428793500
1428793800
1428794100
1428794400
1428794700
1428795000
1428795300
1428795600
1428795900
1428796200
1428796500
1428796800
1428797100
1428797400
1428797700
1428798000
1428798300
1428798600
1428798900
1428799200
1428799500
1428799800
1428800100
1428800400
1428800700
1428801000
1428801300
1428801600
1428801900
1428802200
1428802500
1428802800
1428803100
1428803400
1428803700
1428804000
1428804300
1428804600
1428804900
1428805200
1428805500
1428805800
