1791997697
1791998721
1792000878
1792003696
1792003828
1792004386
1792004457
1792005265
1792005560
1792005817
1792005842
1792005990
1792006316
1792006439
1792006492
1792006598
1792006744
1792006980
1792007168
1792007387
1792007712
1792007733
1792007787
1792007799
1792007981
1792008051
1792008118
1792008134
1792008151
1792008214
1792008606
1792008684
1792008688
1792008750
1792008778
1792008893
1792008924
1792008938
1792009004
1792009050
1792009131
1792009132
1792009213
1792009362
1792009390
1792009393
1792009419
1792009503
1792009594
1792016317
1792016415
1792017890
1792019068
1792019196
1792019628
1792019669
1792022399
1792025388
1792025877
1792025991
1792026090
1792026652
1792026827
1792026905
1792027646
1792027786
1792027859
1792028090
1792028096
1792028098
1792028208
1792028402
1792028854
1792028874
1792029003
1792029045
1792029098
1792029102
1792029107
1792029296
1792029312
1792029605
1792029700
1792031506
1792031566
1792031643
1792031725
1792032541
1792032834
1792032928
1792033144
1792033332
1792033335
1792033338
1792033368
1792033381
1792033555
1792033970
1792034249
1792034737
1792035227
1792035376
1792035495
1792035675
1792035916
1792036385
1792036551
1792036566
1792036626
1792036628
1792036888
1792036964
1792037007
1792037112
1792037119
1792037549
1792037592
1792037635
1792037666
1792037678
1792037804
1792037868
1792037873
1792037881
1792037984
1792038163
1792038207
1792038278
1792038343
1792038355
1792038435
1792038486
1792038590
1792038633
1792038942
1792038945
1792038972
1792039058
1792039102
1792039149
1792039159
1792039193
1792039265
1792039279
1792039294
1792039382
1792039438
1792039439
1792039465
1792039484
1792039489
1792039508
1792039513
1792039518
1792039524
1792039604
1792039616
1792039722
1792044770
1792044954
1792045002
1792045440
1792045944
1792046578
1792047253
1792047446
1792047670
1792047981
1792048145
1792048730
1792048770
1792048851
1792049095
1792049161
1792063529
1792065351
1792066482
1792066676
1792067441
1792068416
1792068420
1792068517
1792068998
1792069054
1792069475
1792069608
1792069683
1792070570
1792070574
1792071830
1792072025
1792073164
1792074394
1792074651
1792074774
1792075190
1792075504
1792075526
1792075743
1792076404
1792076422
1792076608
1792076672
1792076801
1792077016
1792077129
1792077240
1792077269
1792077585
1792077681
1792077741
1792077793
1792077975
1792078038
1792078099
1792078120
1792078140
1792078145
1792078227
1792078234
1792078257
1792078308
1792078428
1792078434
1792078501
1792078510
1792078517
1792078563
1792078565
1792078815
1792078858
1792078872
1792078874
1792078979
1792079025
1792079260
1792079338
1792079364
1792079387
1792079401
1792079408
1792079567
1792079587
1792079666
1792082520
1792085980
1792086040
1792086389
1792087387
1792088121
1792088605
1792088931
1792088941
1792089018
1792089252
1792089266
1792089341
1792089697
1792096172
1792096781
1792097463
1792098227
1792098435
1792099024
1792099556
1792099568
1792100352
1792100929
1792100947
1792101188
1792101718
1792101843
1792102346
1792102364
1792102891
1792103164
1792103490
1792103909
1792104648
1792104736
1792104904
1792105373
1792105720
1792106245
1792106256
1792106303
1792106370
1792106424
1792106775
1792106787
1792106839
1792106863
1792106894
1792107047
1792107163
1792107169
1792107188
1792107327
1792107545
1792107625
1792107668
1792107670
1792107711
1792107726
1792107806
1792107910
1792107916
1792107970
1792107989
1792108118
1792108136
1792108170
1792108190
1792108192
1792108379
1792108565
1792108574
1792108596
1792108833
1792108916
1792108966
1792109033
1792109041
1792109107
1792109121
1792109135
1792109402
1792109406
1792109498
1792109500
1792109513
1792109519
1792109605
1792109930
1792112548
1792113318
1792114386
1792115019
1792116154
1792116226
1792116557
1792117499
1792117670
1792117815
1792118222
1792119171
1792119231
1792119467
1792126070
1792127276
1792127393
1792128241
1792128677
1792128869
1792128950
1792129061
1792129169
1792129190
1792129531
1792129532
1792129725
1792130847
1792130962
1792131942
1792132386
1792132577
1792132720
1792132849
1792132916
1792133042
1792133501
1792133741
1792133827
1792133846
1792133954
1792133993
1792134041
1792134267
1792134364
1792134370
1792134391
1792134468
1792134620
1792134753
1792134881
1792134989
1792134999
1792135028
1792135239
1792135688
1792135732
1792135755
1792135776
1792135791
1792135951
1792136291
1792136297
1792136359
1792136667
1792136691
1792137071
1792137214
1792137280
1792137467
1792137744
1792137746
1792137840
1792137878
1792137965
1792137989
1792138016
1792138046
1792138063
1792138156
1792138205
1792138243
1792138251
1792138320
1792138367
1792138380
1792138484
1792138647
1792138664
1792138855
1792138863
1792139018
1792139082
1792139108
1792139191
1792139250
1792139291
1792139366
1792139378
1792139418
1792139475
1792140914
1792141334
1792141366
1792143072
1792143302
1792144003
1792144358
1792145280
1792146935
1792147331
1792147339
1792147407
1792147813
1792148481
1792148963
1792149071
1792155760
1792156323
1792156537
1792157897
1792158113
1792159678
1792162158
1792163521
1792163668
1792164258
1792164495
1792164571
1792166090
1792166091
1792166200
1792166231
1792166393
1792166462
1792166475
1792166572
1792166775
1792166781
1792166789
1792166951
1792167078
1792167083
1792167162
1792167210
1792167264
1792167381
1792167637
1792167688
1792167811
1792168045
1792168341
1792168391
1792168605
1792168944
1792169351
1792169358
1792169375
1792169407
1792169417
1792169457
1792169529
1792169562
1792169622
1792169725
1792171270
1792172721
1792172955
1792174964
1792175275
1792175341
1792175718
1792176264
1792176412
1792177002
1792177022
1792177606
1792177951
1792178029
1792178232
1792178569
1792178964
1792179007
1792179374
1792185035
1792186904
1792189028
1792189369
1792191495
1792192317
1792193095
1792193925
1792193951
1792194144
1792194149
1792194459
1792194520
1792194968
1792194973
1792195120
1792195521
1792195540
1792195541
1792195742
1792195836
1792195859
1792196316
1792196368
1792196371
1792196376
1792196534
1792196685
1792196693
1792196869
1792196918
1792197058
1792197092
1792197106
1792197296
1792197333
1792197739
1792197742
1792198176
1792198422
1792198423
1792198482
1792198491
1792198538
1792198544
1792198768
1792198781
1792198855
1792198926
1792198972
1792198986
1792198990
1792199082
1792199083
1792199336
1792199428
1792202992
1792203325
1792203472
1792204132
1792205810
1792206254
1792207994
1792208462
1792208923
1792209487
1792209607
1792209611
1792218526
1792219939
1792220677
1792221398
1792222790
1792222832
1792223133
1792223388
1792223516
1792223696
1792223799
1792223846
1792223852
1792224172
1792224217
1792224260
1792224271
1792224440
1792224441
1792224484
1792224530
1792224541
1792224652
1792224661
1792224766
1792224777
1792224812
1792224836
1792224895
1792225084
1792225429
1792225737
1792225888
1792226337
1792226635
1792226655
1792226696
1792226751
1792226979
1792227237
1792227298
1792227341
1792227426
1792227494
1792227642
1792227889
1792227890
1792227972
1792228090
1792228177
1792228329
1792228472
1792228580
1792228696
1792228776
1792228799
1792228983
1792228998
1792229049
1792229214
1792229356
1792229425
1792229679
1792229725
1792231756
1792232104
1792232920
1792233779
1792234023
1792235162
1792235289
1792235646
1792236097
1792236284
1792237940
1792238364
1792238449
1792238498
1792239514
1792239523
1792246730
1792248187
1792248423
1792249907
1792251019
1792251066
1792251493
1792252174
1792252243
1792253684
1792253807
1792254456
1792254596
1792255207
1792255237
1792255524
1792255669
1792255819
1792256210
1792256280
1792256372
1792256479
1792256703
1792257003
1792257335
1792257381
1792257519
1792257564
1792257572
1792257592
1792257773
1792257840
1792257849
1792258011
1792258474
1792258535
1792258669
1792258682
1792258863
1792258876
1792259056
1792259191
1792259426
1792261493
1792262141
1792263182
1792264190
1792265126
1792265533
1792265544
1792266014
1792266497
1792266579
1792266582
1792266965
1792267063
1792268281
1792268299
1792268391
1792268539
1792268621
1792268895
1792277310
1792278745
1792279999
1792280495
1792280542
1792282490
1792282493
1792283438
1792284155
1792284443
1792284544
1792284555
1792285297
1792285715
1792286000
1792286199
1792286294
1792286347
1792286469
1792286483
1792286549
1792286666
1792286812
1792286936
1792286966
1792286974
1792286982
1792287213
1792287249
1792287340
1792287543
1792287547
1792287548
1792287927
1792288091
1792288254
1792288274
1792288300
1792288368
1792288473
1792288796
1792288811
1792288884
1792288911
1792289317
1792289520
1792289526
1792289530
1792289550
1792289552
1792290616
1792291407
1792292647
1792292936
1792293577
1792293748
1792294733
1792296473
1792296669
1792296703
1792297948
1792298490
1792298789
1792298829
1792299065
1792299199
1792299342
1792299434
1792299505
1792299688
1792305150
1792306952
1792307675
1792320064
1792321899
1792322045
1792322990
1792323625
1792323630
1792323695
1792323879
1792324090
1792324235
1792324347
1792325134
1792325200
1792325432
1792325551
1792325568
1792325609
1792325622
1792325748
1792326101
1792326186
1792326210
1792326245
1792326393
1792326612
1792326617
1792326715
1792326749
1792326933
1792326945
1792326947
1792327001
1792327080
1792327099
1792327222
1792327438
1792327979
1792327998
1792328166
1792328200
1792328211
1792328399
1792328566
1792328665
1792328666
1792329062
1792329074
1792329115
1792329335
1792329715
1792332617
1792333779
1792333988
1792334004
1792335616
1792336325
1792337544
1792338475
1792338851
1792339602
1792346650
1792348515
1792360623
1792361139
1792361886
1792362002
1792362066
1792362308
1792362393
1792363265
1792364083
1792364800
1792364963
1792365145
1792365382
1792365453
1792365502
1792365686
1792365920
1792365953
1792366173
1792366426
1792366429
1792366498
1792366521
1792366567
1792366752
1792366762
1792367053
1792367157
1792367340
1792367349
1792367617
1792367882
1792367977
1792368083
1792368148
1792368696
1792368981
1792369112
1792369125
1792369167
1792369256
1792369272
1792369275
1792369396
1792369410
1792369548
1792369696
1792371317
1792371367
1792371672
1792372219
1792373111
1792373901
1792375505
1792376069
1792376374
1792377552
1792378229
1792378398
1792378841
1792379232
1792385333
1792387471
1792387704
1792388424
1792389927
1792390702
1792391834
1792392077
1792392414
1792392633
1792392636
1792393995
1792394538
1792394928
1792395218
1792395258
1792395388
1792403900
1792404676
1792406924
